 0.010086     19.1853     
 0.010372     19.1496     
 0.012016     18.971      
 0.014117     18.7428     
 0.016105     18.5267     
 0.018127       18.3071     
 0.019716     18.1344     
 0.020134     18.0943     
 0.022209     17.8954     
 0.024327     17.6924     
 0.026460     17.4879     
 0.0283807     17.3038     
 0.0302267     17.1268     
 0.0352629     16.7007     
 0.0383552     16.4391     
 0.0402822     16.2902     
 0.0453752     15.8966     
 0.0476586     15.7202     
 0.0503527     15.5335     
 0.055388       15.1847     
 0.0577655     15.02       
 0.060667       14.8393     
 0.0654585     14.5409     
 0.0673185     14.4251     
 0.070700       14.2366     
 0.0758299     13.9507     
 0.0811287     13.6554     
 0.0817009     13.6235     
 0.0864101     13.3959     
 0.0912697     13.1611     
 0.0970199     12.8833     
 0.0973352     12.8681     
 0.101411      12.6954     
 0.110776      12.2987     
 0.113126      12.1991     
 0.120490      11.9249     
 0.130000      11.5708     
 0.130917      11.5412     
 0.141400      11.203      
 0.145418      11.0733     
 0.151660      10.8901     
 0.161129      10.6121     
 0.163402      10.5454     
 0.171199      10.3449     
 0.182335      10.0585     
 0.183827      10.0201     
 0.192681      9.81951     
 0.201411      9.62167     
 0.204252      9.55728     
 0.221552      9.20899     
 0.224678      9.14606     
 0.240980      8.85344     
 0.246092      8.76168     
 0.261834      8.50823     
 0.267388      8.41882     
 0.281975      8.20843     
 0.292019      8.06358     
 0.302116      7.93436     
 0.322257      7.67661     
 0.344797      7.42552     
 0.354594      7.31637     
 0.364670      7.22006     
 0.388080      6.99629     
 0.402822      6.85537     
 0.411366      6.78617     
 0.443104      6.52911     
 0.446208      6.50397     
 0.469780      6.33788     
 0.493639      6.16978     
 0.503527      6.11114     
 0.553880      5.81249     
 0.557760      5.78947     
 0.608465      5.5306      
 0.663820      5.28304     
 0.714883      5.08011     
 0.719891      5.06235     
 0.771312      4.88004     
 0.800000      4.78928     
 0.834340      4.68065     
 0.918107      4.44855     
 0.925574      4.43041     
 1.0       4.24954     
 1.07256 4.09901     
 1.11552 4.0099      
 1.21693 3.82663     
 1.32764 3.65109     
 1.42977 3.50678     
 1.54262 3.36395     
 1.66868 3.2209      
 1.83827 3.05136     
 1.85115 3.03998     
 2.0     2.90842     
 2.08585 2.84298     
 2.23104 2.7323      
 2.35963 2.64615     
 2.43386 2.59642     
 2.6     2.49724     
 2.63668 2.47534     
 2.85953 2.35652     
 3.06379 2.25804     
 3.08525 2.24865     
 3.29093 2.15867     
 3.54594 2.05749     
 3.72841 1.99301     
 3.8808  1.93916     
 4.2     1.83825     
 4.63245 1.71847     
 5.07054 1.61201     
 5.47618 1.52413     
 5.88183 1.44512     
 6.21402 1.38657     
 6.28747 1.37362     
 6.69311 1.30858     
 7.09876 1.24926     
 7.24969 1.22916     
 7.60581 1.18172     
 8.11287 1.12069     
 8.61992 1.06525     
 8.74153 1.05312     
 9.12697 1.01467     
 9.63403 0.968334    
 10.0       0.936908    
