 0.010372     19.1491      
 0.019716     18.1341      
 0.030226     17.1266      
 0.038355     16.4389      
 0.047658     15.72        
 0.057765     15.0198      
 0.067318     14.4249      
 0.081700     13.6234      
 0.145418      11.0732      
 0.163402      10.5453      
 0.183827      10.0201      
 0.204252      9.55722      
 0.224678      9.14601      
 0.246092      8.76163      
 0.267388      8.41877      
 0.292019      8.06353      
 0.322257      7.67657      
 0.354594      7.31633      
 0.402822      6.85533      
 0.446208      6.50393      
 0.493639      6.16975      
 0.557760      5.78944      
 0.608465      5.53056      
 0.663820      5.283        
 0.714883      5.08007      
 0.771312      4.88001      
 0.834340      4.68061      
 0.918107      4.44852      
 1.0       4.24951      
 1.11552 4.00986      
 1.21693 3.8266       
 1.32764 3.65106      
 1.42977 3.50675      
 1.54262 3.36392      
 1.66868 3.22087      
 1.83827 3.05132      
 2.0       2.90839      
 2.23104 2.73227      
 2.43386 2.59638      
 2.63668 2.47531      
 2.85953 2.35649      
 3.06379 2.258        
 3.29093 2.15863      
 3.54594 2.05745      
 3.8808  1.93913      
 4.2     1.83821      
 4.63245 1.71844      
 5.07054 1.61197      
 5.47618 1.5241       
 5.88183 1.44508      
 6.28747 1.37359      
 6.69311 1.30855      
 7.09876 1.24923      
 7.60581 1.18169      
 8.11287 1.12066      
 8.61992 1.06522      
 9.12697 1.01464      
 9.63403 0.968302     
 10.0       0.936877     
