 10070.5     4.71736      
 20000       4.68593      
 25155       4.66961      
 29460.2     4.65598      
 34328       4.64057      
 41426.8     4.6181       
 50352.7     4.58985      
 61581.3     4.55431      
 72626       4.51935      
 88234.5     4.46994      
 115038      4.3851       
 152116      4.28025      
 202822      4.13688      
 217538      4.09526      
 253527      4.00353      
 310640      3.85795      
 319530      3.83529      
 362397      3.73633      
 405643      3.63648      
 420113      3.60308      
 469316      3.49988      
 514208      3.40573      
 521462      3.39051      
 612637      3.21662      
 625632      3.19183      
 724794      3.01892      
 828536      2.85342      
 864100      2.80144      
 932103      2.70207      
 1.02842E+06 2.57289      
 1.03567E+06 2.56316      
 1.13924E+06 2.43549      
 1.22551E+06 2.33765      
 1.2428E+06  2.31804      
 1.34637E+06 2.20994      
 1.43978E+06 2.12024      
 1.44994E+06 2.11049      
 1.56439E+06 2.00989      
 1.65707E+06 1.93616      
 1.7E+06     1.902        
 1.83827E+06 1.80621      
 1.89051E+06 1.77384      
 1.92681E+06 1.75135      
 2.01E+06    1.70499      
 2.03E+06    1.70184      
 2.04E+06    1.70838      
 2.05E+06    1.73497      
 2.055E+06   1.76995      
 2.05683E+06 1.79779      
 2.06E+06    1.846        
 2.064E+06   1.98255      
 2.066E+06   2.10956      
 2.068E+06   2.31757      
 2.0695E+06  2.58216      
 2.07E+06    2.67485      
 2.07075E+06 2.87647      
 2.071E+06   2.94841      
 2.07175E+06 3.2216       
 2.072E+06   3.31842      
 2.07275E+06 3.68257      
 2.073E+06   3.81049      
 2.07375E+06 4.27504      
 2.074E+06   4.43483      
 2.075E+06   5.14235      
 2.076E+06   5.77573      
 2.0763E+06  5.91543      
 2.0766E+06  6.01427      
 2.0769E+06  6.07066      
 2.07712E+06 6.08354      
 2.0774E+06  6.06489      
 2.0777E+06  6.00323      
 2.078E+06   5.89902      
 2.079E+06   5.36884      
 2.08E+06    4.73324      
 2.08188E+06 3.72443      
 2.082E+06   3.66427      
 2.08225E+06 3.57381      
 2.08375E+06 3.07715      
 2.084E+06   2.99942      
 2.085E+06   2.79813      
 2.086E+06   2.60472      
 2.088E+06   2.36127      
 2.09E+06    2.20337      
 2.095E+06   1.98774      
 2.1E+06     1.88383      
 2.11E+06    1.78817      
 2.12E+06    1.74439      
 2.13E+06    1.7192       
 2.14E+06    1.70245      
 2.16E+06    1.68049      
 2.18E+06    1.6657       
 2.22E+06    1.64512      
 2.28E+06    1.62477      
 2.36E+06    1.60988      
 2.4E+06     1.60736      
 2.46E+06    1.61052      
 2.52E+06    1.62362      
 2.56E+06    1.63922      
 2.58918E+06 1.65561      
 2.6E+06     1.66169      
 2.64E+06    1.69276      
 2.68E+06    1.73496      
 2.71E+06    1.77682      
 2.73E+06    1.81041      
 2.75E+06    1.85009      
 2.76E+06    1.87164      
 2.78E+06    1.92384      
 2.8E+06     1.99441      
 2.805E+06   2.02454      
 2.807E+06   2.04356      
 2.808E+06   2.05513      
 2.81E+06    2.09455      
 2.812E+06   2.18444      
 2.81288E+06 2.2722       
 2.813E+06   2.28953      
 2.81325E+06 2.34072      
 2.81388E+06 2.48362      
 2.814E+06   2.52037      
 2.81419E+06 2.59644      
 2.81438E+06 2.68402      
 2.8145E+06  2.75387      
 2.81462E+06 2.84162      
 2.81481E+06 2.99121      
 2.81494E+06 3.10262      
 2.81503E+06 3.20426      
 2.81512E+06 3.32425      
 2.81531E+06 3.58994      
 2.81544E+06 3.77979      
 2.8155E+06  3.88433      
 2.81562E+06 4.11781      
 2.81588E+06 4.61673      
 2.81597E+06 4.77889      
 2.81606E+06 4.90296      
 2.81619E+06 5.01832      
 2.81631E+06 5.10895      
 2.81641E+06 5.154        
 2.81644E+06 5.15875      
 2.8165E+06  5.1449       
 2.81656E+06 5.09666      
 2.81662E+06 5.01898      
 2.81675E+06 4.81803      
 2.81712E+06 4.15826      
 2.81738E+06 3.71104      
 2.81747E+06 3.55801      
 2.81756E+06 3.42634      
 2.81769E+06 3.2788       
 2.81788E+06 3.07927      
 2.81797E+06 2.99198      
 2.81806E+06 2.92231      
 2.81819E+06 2.85251      
 2.81888E+06 2.52735      
 2.819E+06   2.47901      
 2.81912E+06 2.446        
 2.81988E+06 2.31227      
 2.82E+06    2.29447      
 2.82025E+06 2.27432      
 2.822E+06   2.17025      
 2.824E+06   2.13314      
 2.826E+06   2.12148      
 2.828E+06   2.11963      
 2.835E+06   2.13878      
 2.845E+06   2.1872       
 2.855E+06   2.247        
 2.865E+06   2.3172       
 2.875E+06   2.39928      
 2.885E+06   2.49561      
 2.895E+06   2.60904      
 2.905E+06   2.74224      
 2.915E+06   2.89565      
 2.93E+06    3.14246      
 2.935E+06   3.21238      
 2.94E+06    3.26055      
 2.943E+06   3.27271      
 2.946E+06   3.26639      
 2.947E+06   3.26092      
 2.95E+06    3.2256       
 2.955E+06   3.10669      
 2.96E+06    2.9079       
 2.965E+06   2.64089      
 2.975E+06   2.03503      
 2.98E+06    1.76906      
 2.985E+06   1.55646      
 2.99E+06    1.39991      
 2.995E+06   1.29294      
 3E+06       1.22561      
 3.005E+06   1.18805      
 3.01E+06    1.17193      
 3.015E+06   1.17087      
 3.02E+06    1.18015      
 3.025E+06   1.19639      
 3.03E+06    1.21725      
 3.04E+06    1.26663      
 3.07E+06    1.42793      
 3.09E+06    1.52925      
 3.11E+06    1.62342      
 3.14E+06    1.75389      
 3.18E+06    1.91387      
 3.23E+06    2.09848      
 3.28E+06    2.26741      
 3.32E+06    2.38858      
 3.36E+06    2.49359      
 3.39E+06    2.55952      
 3.42E+06    2.61299      
 3.45E+06    2.65304      
 3.48E+06    2.67924      
 3.52E+06    2.69279      
 3.555E+06   2.68459      
 3.59E+06    2.66266      
 3.59945E+06 2.65253      
 3.63E+06    2.6198       
 3.68E+06    2.54675      
 3.74E+06    2.43966      
 3.95E+06    2.01941      
 4.01E+06    1.9119       
 4.05E+06    1.85272      
 4.05643E+06 1.84604      
 4.08E+06    1.82156      
 4.1E+06     1.81151      
 4.11E+06    1.81108      
 4.125E+06   1.81853      
 4.14E+06    1.83594      
 4.15E+06    1.85536      
 4.16E+06    1.88143      
 4.17E+06    1.91448      
 4.185E+06   1.97717      
 4.22E+06    2.15019      
 4.23E+06    2.19357      
 4.24E+06    2.22802      
 4.25E+06    2.25136      
 4.26E+06    2.26277      
 4.265E+06   2.26279      
 4.27E+06    2.2627       
 4.28E+06    2.25258      
 4.29E+06    2.23432      
 4.31E+06    2.1815       
 4.37E+06    1.9899       
 4.4E+06     1.90429      
 4.43E+06    1.82949      
 4.46E+06    1.76421      
 4.5E+06     1.68908      
 4.55E+06    1.60952      
 4.6E+06     1.5414       
 4.66E+06    1.47014      
 4.8E+06     1.32603      
 4.813E+06   1.30793      
 4.82E+06    1.30653      
 4.83E+06    1.30255      
 4.84E+06    1.29733      
 4.85E+06    1.29155      
 4.86E+06    1.28542      
 4.87E+06    1.28059      
 4.88E+06    1.27559      
 4.89E+06    1.27046      
 4.906E+06   1.26203      
 4.908E+06   1.26094      
 4.92E+06    1.25883      
 4.924E+06   1.26214      
 4.9245E+06  1.26255      
 4.927E+06   1.26929      
 4.928E+06   1.27344      
 4.93E+06    1.29099      
 4.931E+06   1.30842      
 4.932E+06   1.33967      
 4.93275E+06 1.38315      
 4.933E+06   1.40268      
 4.93325E+06 1.43366      
 4.93381E+06 1.51542      
 4.93394E+06 1.54088      
 4.934E+06   1.5577       
 4.93412E+06 1.60081      
 4.93425E+06 1.65285      
 4.93475E+06 1.87815      
 4.93488E+06 1.94438      
 4.93497E+06 2.00821      
 4.93503E+06 2.06063      
 4.93512E+06 2.15422      
 4.93522E+06 2.26179      
 4.93531E+06 2.37989      
 4.93541E+06 2.51141      
 4.93547E+06 2.61025      
 4.93553E+06 2.7201       
 4.93562E+06 2.90476      
 4.93588E+06 3.44134      
 4.93597E+06 3.62071      
 4.93606E+06 3.77149      
 4.93616E+06 3.89442      
 4.93625E+06 3.99483      
 4.93634E+06 4.0689       
 4.93641E+06 4.094        
 4.93644E+06 4.09624      
 4.93648E+06 4.08431      
 4.93653E+06 4.05277      
 4.93656E+06 4.02095      
 4.93662E+06 3.93417      
 4.93669E+06 3.82334      
 4.93681E+06 3.56491      
 4.93694E+06 3.29895      
 4.93706E+06 3.04869      
 4.93719E+06 2.81686      
 4.93731E+06 2.59895      
 4.93741E+06 2.44776      
 4.93747E+06 2.35647      
 4.93753E+06 2.2746       
 4.93762E+06 2.16906      
 4.93772E+06 2.07894      
 4.93781E+06 1.99786      
 4.93794E+06 1.90089      
 4.93803E+06 1.83892      
 4.93812E+06 1.78681      
 4.93825E+06 1.72805      
 4.93844E+06 1.65226      
 4.93856E+06 1.61069      
 4.93875E+06 1.56097      
 4.93894E+06 1.51898      
 4.93912E+06 1.48496      
 4.93938E+06 1.44883      
 4.93962E+06 1.41969      
 4.94E+06    1.3869       
 4.9405E+06  1.3582       
 4.941E+06   1.33313      
 4.942E+06   1.30393      
 4.943E+06   1.28653      
 4.944E+06   1.27529      
 4.946E+06   1.26182      
 4.948E+06   1.25408      
 4.952E+06   1.24541      
 4.964E+06   1.23358      
 4.978E+06   1.2261       
 5.01E+06    1.20871      
 5.03527E+06 1.19722      
 5.06E+06    1.18598      
 5.15E+06    1.14446      
 5.26647E+06 1.09036      
 5.28E+06    1.08447      
 5.2975E+06  1.07684      
 5.31E+06    1.07444      
 5.3175E+06  1.07782      
 5.32E+06    1.08082      
 5.3225E+06  1.08391      
 5.325E+06   1.08813      
 5.33E+06    1.10365      
 5.335E+06   1.1324       
 5.34E+06    1.18543      
 5.342E+06   1.21778      
 5.344E+06   1.25957      
 5.346E+06   1.31328      
 5.348E+06   1.38194      
 5.35E+06    1.46856      
 5.352E+06   1.57514      
 5.354E+06   1.70067      
 5.358E+06   1.97372      
 5.36E+06    2.08512      
 5.362E+06   2.15223      
 5.364E+06   2.16559      
 5.366E+06   2.13065      
 5.366E+06   2.13065      
 5.368E+06   2.0627       
 5.37E+06    1.97702      
 5.372E+06   1.89111      
 5.375E+06   1.76921      
 5.38E+06    1.60818      
 5.385E+06   1.49539      
 5.39E+06    1.4165       
 5.395E+06   1.35988      
 5.4E+06     1.31794      
 5.405E+06   1.28595      
 5.41E+06    1.26094      
 5.415E+06   1.24075      
 5.42E+06    1.22436      
 5.43E+06    1.19893      
 5.44E+06    1.18034      
 5.45E+06    1.16591      
 5.47E+06    1.14511      
 5.48E+06    1.13812      
 5.5E+06     1.12454      
 5.52E+06    1.11552      
 5.54E+06    1.10681      
 5.56E+06    1.1011       
 5.6E+06     1.09031      
 5.62E+06    1.08702      
 5.68E+06    1.0782       
 5.74E+06    1.07505      
 5.76E+06    1.07427      
 5.84E+06    1.07695      
 5.9E+06     1.08327      
 5.96E+06    1.09317      
 6E+06       1.10278      
 6.01E+06    1.10487      
 6.04E+06    1.11417      
 6.06E+06    1.11962      
 6.08E+06    1.12783      
 6.11E+06    1.14322      
 6.12E+06    1.15045      
 6.13E+06    1.15745      
 6.15E+06    1.17675      
 6.165E+06   1.19685      
 6.175E+06   1.21378      
 6.18E+06    1.22314      
 6.1812E+06  1.22602      
 6.19E+06    1.24714      
 6.2E+06     1.2776       
 6.21E+06    1.31788      
 6.22E+06    1.37217      
 6.23E+06    1.44726      
 6.24E+06    1.55381      
 6.245E+06   1.62375      
 6.25E+06    1.70833      
 6.254E+06   1.78851      
 6.258E+06   1.88149      
 6.262E+06   1.98845      
 6.266E+06   2.10965      
 6.27E+06    2.24536      
 6.272E+06   2.31413      
 6.276E+06   2.45402      
 6.279E+06   2.55907      
 6.282E+06   2.65153      
 6.284E+06   2.70254      
 6.285E+06   2.72259      
 6.286E+06   2.74263      
 6.288E+06   2.76965      
 6.29E+06    2.78153      
 6.291E+06   2.78042      
 6.292E+06   2.77828      
 6.293E+06   2.76906      
 6.294E+06   2.759        
 6.295E+06   2.74221      
 6.296E+06   2.72442      
 6.298E+06   2.67673      
 6.301E+06   2.58396      
 6.304E+06   2.47385      
 6.305E+06   2.43506      
 6.313E+06   2.12151      
 6.314E+06   2.08544      
 6.316E+06   2.0145       
 6.318E+06   1.95002      
 6.319E+06   1.91835      
 6.32E+06    1.88964      
 6.322E+06   1.83318      
 6.324E+06   1.78475      
 6.325E+06   1.76118      
 6.326E+06   1.74042      
 6.328E+06   1.70036      
 6.33E+06    1.6681       
 6.331E+06   1.65292      
 6.332E+06   1.64007      
 6.334E+06   1.61653      
 6.336E+06   1.59929      
 6.338E+06   1.58806      
 6.34E+06    1.57917      
 6.342E+06   1.57554      
 6.346E+06   1.57049      
 6.348E+06   1.56637      
 6.35E+06    1.5592       
 6.352E+06   1.54788      
 6.354E+06   1.53195      
 6.356E+06   1.51164      
 6.358E+06   1.48766      
 6.36E+06    1.46283      
 6.362E+06   1.43629      
 6.365E+06   1.3983       
 6.37E+06    1.34099      
 6.375E+06   1.29341      
 6.38E+06    1.25463      
 6.385E+06   1.22382      
 6.3875E+06  1.20983      
 6.39E+06    1.19678      
 6.395E+06   1.17568      
 6.4E+06     1.15628      
 6.41E+06    1.12639      
 6.42E+06    1.10409      
 6.425E+06   1.09405      
 6.43E+06    1.08558      
 6.435E+06   1.07788      
 6.44E+06    1.07099      
 6.45E+06    1.06597      
 6.455E+06   1.06398      
 6.47E+06    1.06021      
 6.49E+06    1.05752      
 6.5E+06     1.04711      
 6.51E+06    1.0367       
 6.51031E+06 1.03663      
 6.54E+06    0.971956     
 6.553E+06   0.895255     
 6.5565E+06  0.872401     
 6.56E+06    0.848637     
 6.57E+06    0.769684     
 6.58E+06    0.732474     
 6.59E+06    0.743281     
 6.59E+06    0.743281     
 6.6E+06     0.737995     
 6.62E+06    0.781714     
 6.64E+06    0.764334     
 6.65575E+06 0.914362     
 6.658E+06   0.934802     
 6.665E+06   0.863873     
 6.66512E+06 0.862891     
 6.67E+06    0.849161     
 6.68E+06    0.842833     
 6.7E+06     0.836595     
 6.75E+06    0.815845     
 6.81E+06    0.797902     
 6.92E+06    0.769906     
 7E+06       0.745093     
 7.053E+06   0.749094     
 7.1E+06     0.748846     
 7.14E+06    0.768107     
 7.14E+06    0.768107     
 7.18E+06    0.797731     
 7.2E+06     0.844631     
 7.22E+06    0.878283     
 7.2225E+06  0.88274      
 7.225E+06   0.887943     
 7.25E+06    0.97679      
 7.27E+06    1.06917      
 7.28E+06    1.1388       
 7.34E+06    1.64467      
 7.35E+06    1.75546      
 7.36E+06    1.75585      
 7.37E+06    1.80819      
 7.4E+06     1.78244      
 7.40125E+06 1.78074      
 7.42E+06    1.77081      
 7.47E+06    1.75565      
 7.529E+06   1.75391      
 7.542E+06   1.73468      
 7.553E+06   1.7252       
 7.594E+06   1.70363      
 7.62E+06    1.70106      
 7.64938E+06 1.72205      
 7.65E+06    1.72416      
 7.66112E+06 1.7617       
 7.667E+06   1.7823       
 7.68E+06    1.80891      
 7.698E+06   1.92704      
 7.7E+06     1.933        
 7.725E+06   2.2252       
 7.745E+06   2.42464      
 7.75E+06    2.3921       
 7.767E+06   2.29278      
 7.77E+06    2.27298      
 7.789E+06   2.14338      
 7.81E+06    2.05397      
 7.819E+06   2.05878      
 7.86E+06    2.00173      
 7.8864E+06  1.96984      
 7.888E+06   1.94962      
 7.897E+06   1.94564      
 7.93E+06    1.91262      
 7.936E+06   1.8916       
 8E+06       1.85292      
 8.005E+06   1.86302      
 8.01E+06    1.81766      
 8.014E+06   1.85428      
 8.044E+06   1.84337      
 8.053E+06   1.8824       
 8.079E+06   1.88453      
 8.08E+06    1.8765       
 8.1E+06     1.8871       
 8.10002E+06 1.88715      
 8.101E+06   1.90256      
 8.105E+06   1.88791      
 8.109E+06   1.86761      
 8.12E+06    1.85         
 8.131E+06   1.81403      
 8.138E+06   1.7984       
 8.16E+06    1.71476      
 8.166E+06   1.66998      
 8.2E+06     1.51703      
 8.21E+06    1.47121      
 8.24E+06    1.39998      
 8.28E+06    1.29975      
 8.2958E+06  1.26342      
 8.2962E+06  1.25964      
 8.32E+06    1.23412      
 8.33E+06    1.21346      
 8.4E+06     1.13705      
 8.426E+06   1.13554      
 8.448E+06   1.11801      
 8.45E+06    1.10225      
 8.48E+06    1.10701      
 8.4995E+06  1.08287      
 8.5E+06     1.07614      
 8.52E+06    1.08334      
 8.553E+06   1.06647      
 8.6E+06     1.07879      
 8.60375E+06 1.07953      
 8.611E+06   1.07938      
 8.664E+06   1.06612      
 8.67775E+06 1.06641      
 8.7E+06     1.06813      
 8.708E+06   1.06289      
 8.75E+06    1.06153      
 8.768E+06   1.06779      
 8.8E+06     1.07198      
 8.833E+06   1.07639      
 8.85E+06    1.07729      
 8.885E+06   1.09755      
 8.92E+06    1.08647      
 8.94E+06    1.10399      
 8.98E+06    1.13141      
 9E+06       1.13282      
 9.005E+06   1.15278      
 9.02E+06    1.15467      
 9.03E+06    1.16731      
 9.03094E+06 1.16824      
 9.045E+06   1.17493      
 9.053E+06   1.19754      
 9.067E+06   1.19701      
 9.08E+06    1.22354      
 9.149E+06   1.28883      
 9.163E+06   1.30732      
 9.18E+06    1.30215      
 9.2065E+06  1.32156      
 9.219E+06   1.32963      
 9.25E+06    1.32599      
 9.254E+06   1.3392       
 9.3E+06     1.31981      
 9.36E+06    1.29299      
 9.4E+06     1.27012      
 9.45E+06    1.25301      
 9.5E+06     1.23531      
 9.522E+06   1.23499      
 9.553E+06   1.22366      
 9.55888E+06 1.229        
 9.56E+06    1.22936      
 9.59E+06    1.2216       
 9.6E+06     1.21932      
 9.63E+06    1.22293      
 9.64E+06    1.23144      
 9.678E+06   1.22501      
 9.68E+06    1.2241       
 9.692E+06   1.22604      
 9.7E+06     1.23613      
 9.726E+06   1.23094      
 9.74E+06    1.24591      
 9.75E+06    1.22667      
 9.8E+06     1.22937      
 9.821E+06   1.21753      
 9.83E+06    1.21876      
 9.868E+06   1.19828      
 9.9E+06     1.18223      
 9.917E+06   1.18296      
 9.921E+06   1.17323      
 1E+07       1.17299
