 115038      4.38508      
 217538      4.09524      
 319530      3.83527      
 420113      3.60305      
 521462      3.39048      
 625632      3.1918       
 724794      3.01888      
 828536      2.85338      
 932103      2.70203      
 1.03567E+06 2.56312      
 1.13924E+06 2.43545      
 1.2428E+06  2.318        
 1.34637E+06 2.2099       
 1.44994E+06 2.11044      
 1.56439E+06 2.00985      
 1.7E+06     1.90196      
 1.83827E+06 1.80616      
 1.92681E+06 1.7513       
 2.01E+06    1.70494      
 2.03E+06    1.70179      
 2.04E+06    1.70833      
 2.05E+06    1.73493      
 2.055E+06   1.7699       
 2.06E+06    1.84595      
 2.064E+06   1.98251      
 2.066E+06   2.10952      
 2.068E+06   2.31752      
 2.0695E+06  2.58211      
 2.07E+06    2.67481      
 2.07075E+06 2.87642      
 2.071E+06   2.94837      
 2.07175E+06 3.22155      
 2.072E+06   3.31838      
 2.07275E+06 3.68252      
 2.073E+06   3.81044      
 2.07375E+06 4.275        
 2.074E+06   4.43479      
 2.075E+06   5.1423       
 2.076E+06   5.77569      
 2.0763E+06  5.91539      
 2.0766E+06  6.01422      
 2.0769E+06  6.07062      
 2.07712E+06 6.08349      
 2.0774E+06  6.06484      
 2.0777E+06  6.00318      
 2.078E+06   5.89898      
 2.079E+06   5.3688       
 2.08E+06    4.73319      
 2.08188E+06 3.72438      
 2.082E+06   3.66422      
 2.08225E+06 3.57376      
 2.08375E+06 3.0771       
 2.084E+06   2.99938      
 2.085E+06   2.79808      
 2.086E+06   2.60467      
 2.088E+06   2.36122      
 2.09E+06    2.20332      
 2.095E+06   1.98769      
 2.1E+06     1.88378      
 2.11E+06    1.78812      
 2.12E+06    1.74434      
 2.13E+06    1.71915      
 2.14E+06    1.7024       
 2.16E+06    1.68045      
 2.18E+06    1.66565      
 2.22E+06    1.64507      
 2.28E+06    1.62472      
 2.36E+06    1.60983      
 2.4E+06     1.60731      
 2.46E+06    1.61047      
 2.52E+06    1.62357      
 2.56E+06    1.63917      
 2.6E+06     1.66164      
 2.64E+06    1.69271      
 2.68E+06    1.73491      
 2.71E+06    1.77677      
 2.73E+06    1.81036      
 2.75E+06    1.85003      
 2.76E+06    1.87159      
 2.78E+06    1.92379      
 2.8E+06     1.99436      
 2.805E+06   2.02449      
 2.807E+06   2.0435       
 2.808E+06   2.05508      
 2.81E+06    2.0945       
 2.812E+06   2.18439      
 2.81288E+06 2.27215      
 2.813E+06   2.28947      
 2.81325E+06 2.34067      
 2.81388E+06 2.48357      
 2.814E+06   2.52032      
 2.81419E+06 2.59638      
 2.81438E+06 2.68396      
 2.8145E+06  2.75381      
 2.81462E+06 2.84157      
 2.81481E+06 2.99116      
 2.81494E+06 3.10257      
 2.81503E+06 3.20421      
 2.81512E+06 3.3242       
 2.81531E+06 3.58989      
 2.81544E+06 3.77974      
 2.8155E+06  3.88428      
 2.81562E+06 4.11776      
 2.81588E+06 4.61668      
 2.81597E+06 4.77883      
 2.81606E+06 4.90291      
 2.81619E+06 5.01827      
 2.81631E+06 5.1089       
 2.81641E+06 5.15395      
 2.81644E+06 5.1587       
 2.8165E+06  5.14485      
 2.81656E+06 5.09661      
 2.81662E+06 5.01893      
 2.81675E+06 4.81798      
 2.81712E+06 4.1582       
 2.81738E+06 3.71098      
 2.81747E+06 3.55796      
 2.81756E+06 3.42629      
 2.81769E+06 3.27875      
 2.81788E+06 3.07922      
 2.81797E+06 2.99193      
 2.81806E+06 2.92226      
 2.81819E+06 2.85246      
 2.81888E+06 2.5273       
 2.819E+06   2.47896      
 2.81912E+06 2.44594      
 2.81988E+06 2.31222      
 2.82E+06    2.29441      
 2.82025E+06 2.27427      
 2.822E+06   2.1702       
 2.824E+06   2.13309      
 2.826E+06   2.12142      
 2.828E+06   2.11958      
 2.835E+06   2.13873      
 2.845E+06   2.18715      
 2.855E+06   2.24695      
 2.865E+06   2.31715      
 2.875E+06   2.39923      
 2.885E+06   2.49556      
 2.895E+06   2.60899      
 2.905E+06   2.74218      
 2.915E+06   2.8956       
 2.93E+06    3.14241      
 2.935E+06   3.21233      
 2.94E+06    3.2605       
 2.943E+06   3.27266      
 2.946E+06   3.26634      
 2.947E+06   3.26087      
 2.95E+06    3.22554      
 2.955E+06   3.10664      
 2.96E+06    2.90785      
 2.965E+06   2.64084      
 2.975E+06   2.03498      
 2.98E+06    1.76901      
 2.985E+06   1.5564       
 2.99E+06    1.39985      
 2.995E+06   1.29289      
 3E+06       1.22556      
 3.005E+06   1.18799      
 3.01E+06    1.17188      
 3.015E+06   1.17082      
 3.02E+06    1.1801       
 3.025E+06   1.19634      
 3.03E+06    1.21719      
 3.04E+06    1.26658      
 3.07E+06    1.42788      
 3.09E+06    1.5292       
 3.11E+06    1.62337      
 3.14E+06    1.75383      
 3.18E+06    1.91381      
 3.23E+06    2.09842      
 3.28E+06    2.26736      
 3.32E+06    2.38852      
 3.36E+06    2.49353      
 3.39E+06    2.55947      
 3.42E+06    2.61293      
 3.45E+06    2.65299      
 3.48E+06    2.67919      
 3.52E+06    2.69273      
 3.555E+06   2.68453      
 3.59E+06    2.6626       
 3.63E+06    2.61975      
 3.68E+06    2.5467       
 3.74E+06    2.4396       
 3.95E+06    2.01935      
 4.01E+06    1.91184      
 4.05E+06    1.85266      
 4.08E+06    1.8215       
 4.1E+06     1.81145      
 4.11E+06    1.81102      
 4.125E+06   1.81848      
 4.14E+06    1.83588      
 4.15E+06    1.8553       
 4.16E+06    1.88137      
 4.17E+06    1.91442      
 4.185E+06   1.97711      
 4.22E+06    2.15013      
 4.23E+06    2.19351      
 4.24E+06    2.22796      
 4.25E+06    2.2513       
 4.26E+06    2.26271      
 4.265E+06   2.26273      
 4.27E+06    2.26264      
 4.28E+06    2.25252      
 4.29E+06    2.23426      
 4.31E+06    2.18144      
 4.37E+06    1.98984      
 4.4E+06     1.90423      
 4.43E+06    1.82943      
 4.46E+06    1.76415      
 4.5E+06     1.68902      
 4.55E+06    1.60946      
 4.6E+06     1.54134      
 4.66E+06    1.47008      
 4.8E+06     1.32597      
 4.82E+06    1.29812      
 4.86E+06    1.26352      
 4.908E+06   1.22939      
 4.92E+06    1.22522      
 4.9245E+06  1.22817      
 4.927E+06   1.23452      
 4.928E+06   1.23852      
 4.93E+06    1.25575      
 4.931E+06   1.27302      
 4.932E+06   1.30411      
 4.93275E+06 1.34747      
 4.933E+06   1.36696      
 4.93325E+06 1.3979       
 4.93381E+06 1.47957      
 4.93394E+06 1.50501      
 4.934E+06   1.52182      
 4.93412E+06 1.56491      
 4.93425E+06 1.61693      
 4.93475E+06 1.84216      
 4.93488E+06 1.90837      
 4.93497E+06 1.97218      
 4.93503E+06 2.02459      
 4.93512E+06 2.11816      
 4.93522E+06 2.22572      
 4.93531E+06 2.34381      
 4.93541E+06 2.47531      
 4.93547E+06 2.57414      
 4.93553E+06 2.68398      
 4.93562E+06 2.86862      
 4.93588E+06 3.40517      
 4.93597E+06 3.58452      
 4.93606E+06 3.73529      
 4.93616E+06 3.8582       
 4.93625E+06 3.9586       
 4.93634E+06 4.03265      
 4.93641E+06 4.05774      
 4.93644E+06 4.05998      
 4.93648E+06 4.04804      
 4.93653E+06 4.01649      
 4.93656E+06 3.98466      
 4.93662E+06 3.89787      
 4.93669E+06 3.78704      
 4.93681E+06 3.52859      
 4.93694E+06 3.2626       
 4.93706E+06 3.01233      
 4.93719E+06 2.78048      
 4.93731E+06 2.56255      
 4.93741E+06 2.41134      
 4.93747E+06 2.32004      
 4.93753E+06 2.23817      
 4.93762E+06 2.13261      
 4.93772E+06 2.04247      
 4.93781E+06 1.96138      
 4.93794E+06 1.86439      
 4.93803E+06 1.8024       
 4.93812E+06 1.75027      
 4.93825E+06 1.6915       
 4.93844E+06 1.61568      
 4.93856E+06 1.57408      
 4.93875E+06 1.52434      
 4.93894E+06 1.48232      
 4.93912E+06 1.44827      
 4.93938E+06 1.4121       
 4.93962E+06 1.38292      
 4.94E+06    1.35007      
 4.9405E+06  1.32129      
 4.941E+06   1.29614      
 4.942E+06   1.26678      
 4.943E+06   1.24922      
 4.944E+06   1.23783      
 4.946E+06   1.22403      
 4.948E+06   1.21598      
 4.952E+06   1.20672      
 4.964E+06   1.19312      
 5.01E+06    1.16177      
 5.26647E+06 1.01166      
 5.2975E+06  0.994399     
 5.31E+06    0.990503     
 5.3175E+06  0.992977     
 5.3225E+06  0.998371     
 5.325E+06   1.00219      
 5.33E+06    1.01691      
 5.335E+06   1.04452      
 5.34E+06    1.09585      
 5.342E+06   1.12724      
 5.344E+06   1.16784      
 5.346E+06   1.22006      
 5.348E+06   1.28681      
 5.35E+06    1.37101      
 5.352E+06   1.47457      
 5.354E+06   1.59645      
 5.358E+06   1.86098      
 5.36E+06    1.96842      
 5.362E+06   2.03257      
 5.364E+06   2.04437      
 5.366E+06   2.00923      
 5.368E+06   1.9421       
 5.372E+06   1.77361      
 5.375E+06   1.65421      
 5.38E+06    1.49655      
 5.385E+06   1.38603      
 5.39E+06    1.30856      
 5.395E+06   1.25277      
 5.4E+06     1.21127      
 5.405E+06   1.17944      
 5.41E+06    1.15432      
 5.415E+06   1.13402      
 5.42E+06    1.11726      
 5.43E+06    1.09106      
 5.44E+06    1.07135      
 5.45E+06    1.05579      
 5.47E+06    1.0322       
 5.5E+06     1.00704      
 5.54E+06    0.982603     
 5.6E+06     0.954922     
 5.68E+06    0.926413     
 5.76E+06    0.904215     
 5.84E+06    0.887829     
 5.9E+06     0.879845     
 5.96E+06    0.876433     
 6.01E+06    0.878693     
 6.06E+06    0.885996     
 6.08E+06    0.891677     
 6.11E+06    0.904459     
 6.13E+06    0.917191     
 6.15E+06    0.935228     
 6.165E+06   0.954381     
 6.175E+06   0.970678     
 6.18E+06    0.979728     
 6.19E+06    1.00244      
 6.2E+06     1.03155      
 6.21E+06    1.06961      
 6.22E+06    1.12053      
 6.23E+06    1.1904       
 6.24E+06    1.28867      
 6.245E+06   1.35277      
 6.25E+06    1.42992      
 6.254E+06   1.50277      
 6.258E+06   1.58693      
 6.262E+06   1.68334      
 6.266E+06   1.79213      
 6.272E+06   1.97423      
 6.279E+06   2.19077      
 6.282E+06   2.27099      
 6.284E+06   2.31478      
 6.286E+06   2.34857      
 6.288E+06   2.37049      
 6.29E+06    2.3791       
 6.292E+06   2.37359      
 6.294E+06   2.35392      
 6.296E+06   2.32081      
 6.298E+06   2.27561      
 6.301E+06   2.18968      
 6.304E+06   2.08894      
 6.313E+06   1.76802      
 6.316E+06   1.67044      
 6.319E+06   1.58255      
 6.322E+06   1.5035       
 6.325E+06   1.43483      
 6.328E+06   1.37456      
 6.331E+06   1.32346      
 6.334E+06   1.27934      
 6.336E+06   1.25389      
 6.34E+06    1.21012      
 6.358E+06   1.043        
 6.362E+06   1.00956      
 6.365E+06   0.987695     
 6.37E+06    0.957254     
 6.375E+06   0.933092     
 6.38E+06    0.913717     
 6.3875E+06  0.891327     
 6.39E+06    0.884814     
 6.4E+06     0.864347     
 6.41E+06    0.849097     
 6.425E+06   0.832566     
 6.435E+06   0.824697     
 6.44E+06    0.821587     
 6.455E+06   0.82374      
 6.47E+06    0.828081     
 6.49E+06    0.830296     
 6.51031E+06 0.803357     
 6.54E+06    0.705625     
 6.5565E+06  0.611319     
 6.57E+06    0.530651     
 6.58E+06    0.50154      
 6.59E+06    0.505046     
 6.6E+06     0.514159     
 6.62E+06    0.576777     
 6.64E+06    0.592394     
 6.65575E+06 0.718796     
 6.658E+06   0.73586      
 6.66512E+06 0.682291     
 6.67E+06    0.670219     
 6.68E+06    0.66139      
 6.7E+06     0.65555      
 6.75E+06    0.649996     
 6.81E+06    0.645747     
 6.92E+06    0.606042     
 7E+06       0.573643     
 7.053E+06   0.572617     
 7.1E+06     0.569164     
 7.14E+06    0.582821     
 7.18E+06    0.602642     
 7.2E+06     0.639842     
 7.2225E+06  0.672078     
 7.225E+06   0.676406     
 7.25E+06    0.746814     
 7.27E+06    0.822803     
 7.28E+06    0.884238     
 7.34E+06    1.33221      
 7.35E+06    1.42918      
 7.36E+06    1.42252      
 7.37E+06    1.46356      
 7.40125E+06 1.4128       
 7.42E+06    1.39798      
 7.47E+06    1.37142      
 7.529E+06   1.37807      
 7.542E+06   1.36343      
 7.553E+06   1.35516      
 7.62E+06    1.32634      
 7.64938E+06 1.33681      
 7.66112E+06 1.37226      
 7.667E+06   1.39077      
 7.68E+06    1.41515      
 7.698E+06   1.52479      
 7.7E+06     1.53055      
 7.725E+06   1.79877      
 7.745E+06   1.98612      
 7.767E+06   1.84316      
 7.789E+06   1.6835       
 7.81E+06    1.58093      
 7.819E+06   1.58208      
 7.86E+06    1.52176      
 7.8864E+06  1.49193      
 7.888E+06   1.47519      
 7.897E+06   1.47153      
 7.93E+06    1.43178      
 7.936E+06   1.41002      
 8E+06       1.35098      
 8.005E+06   1.35377      
 8.01E+06    1.30652      
 8.014E+06   1.3334       
 8.044E+06   1.29762      
 8.053E+06   1.33035      
 8.079E+06   1.32224      
 8.08E+06    1.31532      
 8.10002E+06 1.31839      
 8.101E+06   1.33054      
 8.105E+06   1.31819      
 8.109E+06   1.30019      
 8.12E+06    1.28185      
 8.131E+06   1.24811      
 8.138E+06   1.23293      
 8.16E+06    1.15596      
 8.166E+06   1.11617      
 8.2E+06     0.973171     
 8.21E+06    0.949136     
 8.24E+06    0.920966     
 8.2958E+06  0.86002      
 8.2962E+06  0.857336     
 8.32E+06    0.850912     
 8.33E+06    0.837475     
 8.4E+06     0.797566     
 8.426E+06   0.800117     
 8.448E+06   0.78521      
 8.45E+06    0.77211      
 8.48E+06    0.776158     
 8.4995E+06  0.755978     
 8.5E+06     0.750345     
 8.52E+06    0.757093     
 8.553E+06   0.73948      
 8.60375E+06 0.755596     
 8.611E+06   0.756315     
 8.67775E+06 0.746927     
 8.7E+06     0.745065     
 8.708E+06   0.737237     
 8.75E+06    0.718211     
 8.768E+06   0.716072     
 8.8E+06     0.706827     
 8.833E+06   0.688985     
 8.85E+06    0.67724      
 8.885E+06   0.66827      
 8.92E+06    0.638292     
 8.94E+06    0.63768      
 9E+06       0.630901     
 9.005E+06   0.644164     
 9.02E+06    0.64259      
 9.03094E+06 0.65065      
 9.045E+06   0.653814     
 9.053E+06   0.669082     
 9.067E+06   0.668498     
 9.08E+06    0.685598     
 9.149E+06   0.723364     
 9.163E+06   0.736709     
 9.2065E+06  0.732676     
 9.25E+06    0.724834     
 9.254E+06   0.733174     
 9.3E+06     0.716961     
 9.36E+06    0.699584     
 9.4E+06     0.681409     
 9.45E+06    0.671512     
 9.5E+06     0.669317     
 9.522E+06   0.669717     
 9.553E+06   0.664561     
 9.55888E+06 0.668421     
 9.6E+06     0.671503     
 9.63E+06    0.6802       
 9.64E+06    0.687432     
 9.68E+06    0.684446     
 9.692E+06   0.68303      
 9.7E+06     0.685384     
 9.726E+06   0.670388     
 9.74E+06    0.676178     
 9.75E+06    0.669665     
 9.8E+06     0.6845       
 9.821E+06   0.683794     
 9.83E+06    0.686268     
 9.9E+06     0.671828     
 9.917E+06   0.674061     
 9.921E+06   0.667665     
 1E+07       0.65676      
