 152116      1.8744E-05   
 202822      2.098E-05    
 253527      2.29371E-05  
 310640      2.48064E-05  
 362397      2.6365E-05   
 405643      2.75613E-05  
 469316      2.90423E-05  
 514208      2.99811E-05  
 612637      3.18098E-05  
 724794      3.36138E-05  
 864100      3.56206E-05  
 1.02842E+06 3.78546E-05  
 1.22551E+06 4.02299E-05  
 1.43978E+06 4.2436E-05   
 1.65707E+06 4.44155E-05  
 1.89051E+06 4.63104E-05  
 2.05683E+06 4.75092E-05  
 2.58918E+06 5.0859E-05   
 3.59945E+06 5.66038E-05  
 4.05643E+06 5.89308E-05  
 4.813E+06   6.21417E-05  
 4.82E+06    0.00840256   
 4.83E+06    0.0130804    
 4.84E+06    0.0165105    
 4.85E+06    0.019373     
 4.86E+06    0.0218931    
 4.87E+06    0.0241784    
 4.88E+06    0.0262905    
 4.89E+06    0.0282683    
 4.906E+06   0.0312169    
 4.924E+06   0.0342918    
 4.948E+06   0.0380984    
 4.978E+06   0.0425184    
 5.01E+06    0.0469435    
 5.03527E+06 0.050243     
 5.06E+06    0.0534718    
 5.15E+06    0.0646313    
 5.28E+06    0.080335     
 5.32E+06    0.085142     
 5.33E+06    0.0867382    
 5.335E+06   0.0878831    
 5.34E+06    0.0895855    
 5.342E+06   0.090538     
 5.344E+06   0.091726     
 5.346E+06   0.0932258    
 5.348E+06   0.0951312    
 5.35E+06    0.0975469    
 5.352E+06   0.100566     
 5.354E+06   0.104218     
 5.358E+06   0.112741     
 5.36E+06    0.116703     
 5.362E+06   0.119658     
 5.364E+06   0.121227     
 5.366E+06   0.121429     
 5.368E+06   0.120599     
 5.37E+06    0.119166     
 5.375E+06   0.114998     
 5.38E+06    0.111632     
 5.385E+06   0.109367     
 5.39E+06    0.107945     
 5.395E+06   0.107107     
 5.4E+06     0.106668     
 5.405E+06   0.106507     
 5.415E+06   0.106733     
 5.43E+06    0.107862     
 5.45E+06    0.110122     
 5.48E+06    0.114308     
 5.5E+06     0.117504     
 5.52E+06    0.1207       
 5.56E+06    0.127722     
 5.62E+06    0.139227     
 5.68E+06    0.151791     
 5.74E+06    0.165288     
 5.9E+06     0.203429     
 5.96E+06    0.216734     
 6E+06       0.224535     
 6.04E+06    0.231097     
 6.08E+06    0.236152     
 6.12E+06    0.239626     
 6.18E+06    0.243416     
 6.1812E+06  0.243565     
 6.19E+06    0.244692     
 6.2E+06     0.24605      
 6.21E+06    0.248271     
 6.22E+06    0.251638     
 6.23E+06    0.256866     
 6.24E+06    0.26514      
 6.245E+06   0.270987     
 6.25E+06    0.278403     
 6.254E+06   0.285737     
 6.258E+06   0.294562     
 6.262E+06   0.305103     
 6.266E+06   0.317522     
 6.27E+06    0.331827     
 6.276E+06   0.356052     
 6.282E+06   0.380544     
 6.284E+06   0.387765     
 6.285E+06   0.390913     
 6.286E+06   0.39406      
 6.288E+06   0.39916      
 6.291E+06   0.404073     
 6.293E+06   0.405306     
 6.295E+06   0.404844     
 6.298E+06   0.401125     
 6.301E+06   0.394287     
 6.305E+06   0.381782     
 6.314E+06   0.349951     
 6.318E+06   0.338168     
 6.32E+06    0.33344      
 6.322E+06   0.329678     
 6.324E+06   0.327035     
 6.326E+06   0.325677     
 6.328E+06   0.325796     
 6.33E+06    0.327602     
 6.332E+06   0.331317     
 6.334E+06   0.337184     
 6.336E+06   0.345397     
 6.338E+06   0.356052     
 6.34E+06    0.369051     
 6.342E+06   0.383991     
 6.346E+06   0.416079     
 6.348E+06   0.430521     
 6.35E+06    0.44192      
 6.352E+06   0.449174     
 6.354E+06   0.451817     
 6.356E+06   0.450068     
 6.358E+06   0.444657     
 6.36E+06    0.436554     
 6.362E+06   0.426729     
 6.37E+06    0.383739     
 6.375E+06   0.360319     
 6.38E+06    0.340913     
 6.385E+06   0.325032     
 6.39E+06    0.311971     
 6.395E+06   0.301104     
 6.4E+06     0.291936     
 6.41E+06    0.27729      
 6.42E+06    0.266016     
 6.43E+06    0.256953     
 6.44E+06    0.249407     
 6.45E+06    0.242945     
 6.47E+06    0.232125     
 6.49E+06    0.227226     
 6.5E+06     0.230077     
 6.51E+06    0.232928     
 6.54E+06    0.266331     
 6.553E+06   0.263932     
 6.56E+06    0.258233     
 6.57E+06    0.239033     
 6.58E+06    0.230934     
 6.59E+06    0.238235     
 6.6E+06     0.223836     
 6.62E+06    0.204938     
 6.64E+06    0.17194      
 6.658E+06   0.198941     
 6.665E+06   0.180642     
 6.67E+06    0.178942     
 6.68E+06    0.181443     
 6.7E+06     0.181045     
 6.75E+06    0.165849     
 6.81E+06    0.152155     
 6.92E+06    0.163864     
 7E+06       0.17145      
 7.053E+06   0.176477     
 7.1E+06     0.179681     
 7.14E+06    0.185286     
 7.18E+06    0.19509      
 7.2E+06     0.204788     
 7.22E+06    0.209787     
 7.225E+06   0.211537     
 7.25E+06    0.229976     
 7.27E+06    0.246366     
 7.28E+06    0.254559     
 7.34E+06    0.312459     
 7.35E+06    0.326281     
 7.36E+06    0.333335     
 7.37E+06    0.344632     
 7.4E+06     0.367612     
 7.42E+06    0.372832     
 7.47E+06    0.384232     
 7.529E+06   0.375838     
 7.542E+06   0.37125      
 7.553E+06   0.370032     
 7.594E+06   0.366103     
 7.62E+06    0.374714     
 7.65E+06    0.385469     
 7.667E+06   0.391539     
 7.68E+06    0.393761     
 7.698E+06   0.402257     
 7.7E+06     0.402445     
 7.725E+06   0.426434     
 7.745E+06   0.438528     
 7.75E+06    0.438471     
 7.77E+06    0.451596     
 7.789E+06   0.459885     
 7.81E+06    0.473034     
 7.819E+06   0.476695     
 7.86E+06    0.47997      
 7.8864E+06  0.477912     
 7.888E+06   0.474427     
 7.897E+06   0.474106     
 7.93E+06    0.480841     
 7.936E+06   0.481581     
 8E+06       0.501944     
 8.005E+06   0.509243     
 8.01E+06    0.511134     
 8.014E+06   0.520881     
 8.044E+06   0.54575      
 8.053E+06   0.552048     
 8.079E+06   0.562286     
 8.08E+06    0.561187     
 8.1E+06     0.568716     
 8.101E+06   0.572018     
 8.109E+06   0.567429     
 8.12E+06    0.568145     
 8.131E+06   0.565922     
 8.138E+06   0.565471     
 8.16E+06    0.558803     
 8.166E+06   0.553812     
 8.2E+06     0.543861     
 8.21E+06    0.522076     
 8.24E+06    0.479019     
 8.28E+06    0.422477     
 8.2958E+06  0.4034       
 8.2962E+06  0.402301     
 8.32E+06    0.383209     
 8.33E+06    0.37598      
 8.4E+06     0.339481     
 8.426E+06   0.335427     
 8.448E+06   0.332804     
 8.45E+06    0.330138     
 8.48E+06    0.330853     
 8.4995E+06  0.326887     
 8.5E+06     0.325796     
 8.553E+06   0.32699      
 8.6E+06     0.324384     
 8.611E+06   0.323067     
 8.664E+06   0.31726      
 8.7E+06     0.323067     
 8.708E+06   0.325655     
 8.75E+06    0.343315     
 8.768E+06   0.351713     
 8.8E+06     0.365152     
 8.833E+06   0.387408     
 8.85E+06    0.400046     
 8.885E+06   0.429284     
 8.92E+06    0.448174     
 8.94E+06    0.466311     
 8.98E+06    0.498252     
 9E+06       0.501922     
 9.005E+06   0.508611     
 9.02E+06    0.512077     
 9.03E+06    0.517355     
 9.045E+06   0.521121     
 9.053E+06   0.528463     
 9.067E+06   0.528511     
 9.08E+06    0.537942     
 9.149E+06   0.565465     
 9.163E+06   0.570613     
 9.18E+06    0.567015     
 9.219E+06   0.599206     
 9.25E+06    0.601156     
 9.254E+06   0.606027     
 9.3E+06     0.60285      
 9.36E+06    0.593406     
 9.4E+06     0.588715     
 9.45E+06    0.581502     
 9.5E+06     0.565988     
 9.522E+06   0.565268     
 9.553E+06   0.559104     
 9.56E+06    0.560857     
 9.59E+06    0.550843     
 9.6E+06     0.547816     
 9.63E+06    0.542734     
 9.64E+06    0.544007     
 9.678E+06   0.54041      
 9.68E+06    0.539652     
 9.692E+06   0.543006     
 9.7E+06     0.550744     
 9.726E+06   0.560553     
 9.74E+06    0.569735     
 9.75E+06    0.557008     
 9.8E+06     0.544872     
 9.821E+06   0.533735     
 9.83E+06    0.532491     
 9.868E+06   0.519848     
 9.9E+06     0.510401     
 9.917E+06   0.508894     
 9.921E+06   0.505564     
 1E+07       0.516229     
