 122527      2.15004E-06  
 143943      2.33087E-06  
 165707      2.49913E-06  
 187726      2.65629E-06  
 213020      2.82313E-06  
 246457      3.02872E-06  
 308464      3.37393E-06  
 359858      3.63694E-06  
 411366      3.88051E-06  
 469316      4.13228E-06  
 540063      4.41597E-06  
 663820      4.86164E-06  
 771312      5.20977E-06  
 874153      5.51481E-06  
 1.02126E+06 5.91166E-06  
 1.21693E+06 6.38109E-06  
 1.52116E+06 7.00716E-06  
 1.78721E+06 7.47809E-06  
 2.04252E+06 7.8794E-06   
 2.29784E+06 8.22694E-06  
 2.57104E+06 8.54594E-06  
 3.06379E+06 9.05933E-06  
 3.339E+06   9.31023E-06  
 3.4E+06     0.00120937   
 3.5E+06     0.00290946   
 3.57442E+06 0.00416067   
 3.75E+06    0.00711284   
 4E+06       0.0135099    
 4.11366E+06 0.0160247    
 4.25E+06    0.0190413    
 4.66052E+06 0.0288768    
 5E+06       0.0370105    
 5.25141E+06 0.0428867    
 5.6E+06     0.0510345    
 5.84038E+06 0.0565491    
 6E+06       0.060211     
 6.5E+06     0.0711855    
 6.77901E+06 0.0771848    
 7.25E+06    0.087312     
 7.5E+06     0.0926044    
 7.60581E+06 0.094775     
 7.85E+06    0.0997843    
 8E+06       0.102712     
 8.5E+06     0.111865     
 8.61992E+06 0.113819     
 9E+06       0.120011     
 9.19136E+06 0.122747     
 9.7E+06     0.130017     
 9.83685E+06 0.131839     
 9.97563E+06 0.133687     
 1E+07       0.134011     
