 268140      3.07039      
 330846      3.03618      
 431745      3.007        
 1.0406E+06  2.86092      
 1.52116E+06 2.72243      
 1.85087E+06 2.60084      
 2.60731E+06 2.30521      
 3.54938E+06 1.95798      
 3.82973E+06 1.86817      
 4.05643E+06 1.80285      
 4.37077E+06 1.72389      
 4.69316E+06 1.65135      
 5.07054E+06 1.57137      
 5.67901E+06 1.45547      
 6.12757E+06 1.37961      
 6.5917E+06  1.30759      
 7.35228E+06 1.20001      
 7.96075E+06 1.12196      
 8.61992E+06 1.05238      
 1E+07       0.915991     
