 122527      3.19958      
 143943      3.17791      
 165707      3.1559       
 178976      3.14248      
 187726      3.1354       
 213020      3.11495      
 246457      3.08792      
 268140      3.07039      
 308464      3.04839      
 330846      3.03618      
 359858      3.02779      
 411366      3.0129       
 431745      3.00701      
 469316      2.99799      
 540063      2.98102      
 663820      2.95133      
 771312      2.92554      
 874153      2.90086      
 1.02126E+06 2.86557      
 1.0406E+06  2.86093      
 1.21693E+06 2.81011      
 1.52116E+06 2.72243      
 1.78721E+06 2.62432      
 1.85087E+06 2.60085      
 2.04252E+06 2.52594      
 2.29784E+06 2.42616      
 2.57104E+06 2.31939      
 2.60731E+06 2.30522      
 3.06379E+06 2.13697      
 3.339E+06   2.03553      
 3.4E+06     2.01425      
 3.5E+06     1.97909      
 3.54938E+06 1.96172      
 3.57442E+06 1.95412      
 3.75E+06    1.90082      
 3.82973E+06 1.87732      
 4E+06       1.83262      
 4.05643E+06 1.81761      
 4.11366E+06 1.8045       
 4.25E+06    1.77327      
 4.37077E+06 1.74583      
 4.66052E+06 1.68757      
 4.69316E+06 1.68101      
 5E+06       1.62333      
 5.07054E+06 1.61003      
 5.25141E+06 1.57981      
 5.6E+06     1.52155      
 5.67901E+06 1.50832      
 5.84038E+06 1.48473      
 6E+06       1.4614       
 6.12757E+06 1.44263      
 6.5E+06     1.39301      
 6.5917E+06  1.38075      
 6.77901E+06 1.35828      
 7.25E+06    1.30179      
 7.35228E+06 1.28949      
 7.5E+06     1.27367      
 7.60581E+06 1.26227      
 7.85E+06    1.23595      
 7.96075E+06 1.22391      
 8E+06       1.22053      
 8.5E+06     1.17691      
 8.61992E+06 1.1662       
 9E+06       1.13483      
 9.19136E+06 1.11865      
 9.7E+06     1.07566      
 9.83685E+06 1.06395      
 9.97563E+06 1.05209      
 1E+07       1.05         
